<你>
0000000000000000000000000000000
0000000111000001110000000000000
0000000111000001110000000000000
0000000111000011100000000000000
0000001110000011100000000000000
0000001110000111111111111111110
0000001100000111111111111111110
0000011100001111111111111111110
0000011100001110000000000001110
0000111100011100000000000001110
0000111100011100000111000001100
0001111100111100000111000011100
0001111100010000000111000011100
0011111100000000000111000000000
0111011100000000000111000000000
0111011100000011000111001111000
0110011100000111000111001111000
0100011100000111000111000111100
0000011100001111000111000111100
0000011100001111000111000011110
0000011100011110000111000011110
0000011100011110000111000001110
0000011100011100000111000001110
0000011100111100000111000000110
0000011100111000000111000000110
0000011100011000000111000000000
0000011100000000000111000000000
0000011100000000000111000000000
0000011100000111111110000000000
0000011100000111111100000000000
0000000000000000000000000000000
</>
<赢>
00000000000000000000000000000
00000000000000110000000000000
00000000000001110000000000000
00000000000000110000000000000
01111111111111111111111111110
00111111111111111111111111110
00000110000000000000000000000
00000111111111111111111110000
00000111111111111111111110000
00000000000000000000000000000
00000111111111111111111111000
00000110000000000000000111000
00000111111111111111111111000
00000111111111111111111111000
00000110000000000000000111000
00011111110111111110111111100
00011111110111111110111111100
00011000110110110110110011100
00011000110110110110110011100
00011111110110110110111011100
00011000110110110110111111100
00011000110110110110111111100
00011111110110110110110111100
00011111110111110111110011110
00011000110001111001110011110
00111000110011001101110011110
00111001110110000011100011110
00100111111100000011100001110
00000000000000000000000000000
</>
<了>
00000000000000000000000000000
01111111111111111111111111110
01111111111111111111111111110
00111111111111111111111111110
00000000000000000000000111110
00000000000000000000001111100
00000000000000000000111110000
00000000000000000001111100000
00000000000000000111110000000
00000000000000001111100000000
00000000000000011110000000000
00000000000000011110000000000
00000000000000011110000000000
00000000000000011110000000000
00000000000000011110000000000
00000000000000011110000000000
00000000000000011110000000000
00000000000000011110000000000
00000000000000011110000000000
00000000000000011110000000000
00000000000000011110000000000
00000000000000011110000000000
00000000000000011110000000000
00000000000000011110000000000
00000000000000111110000000000
00000001111111111100000000000
00000001111111111100000000000
00000001111111110000000000000
00000000000000000000000000000
</>
<输>
00000000000000000000000000000000
00000011000000000000111000000000
00000111000000000001111100000000
00000111000000000011111100000000
00000111000000000011101110000000
00111111111100000111000111000000
01111111111110011110000011100000
00111111111110111100000001111000
00001100000001111111111111111100
00001100000111111111111111111110
00011101100111001111111111000110
00011101100010000000000000000000
00011101100000000000000000001100
00011101100001111111100000001100
00111101100001111111100111001100
00111001100001100001100111001100
00111111111101100001100111001100
00111111111101100001100111001100
00000001100001111111100111001100
00000001100001111111100111001100
00000001100001100001100111001100
00000001100001100001100111001100
00000111111101111111100111001100
01111111111101111111100111001100
00111111100001100001100111001100
00000001100001100001100000001100
00000001100001100001100000001100
00000001100001100001100000001100
00000001100001100001100111111100
00000001100001101111100111111100
00000000000000000000000000000000
</>
<与>
0000000000000000000000
0000011000000000000000
0000011000000000000000
0000011000000000000000
0000011111111111111110
0000011111111111111110
0000011000000000000000
0000011000000000000000
0000011000000000000000
0000011111111111111100
0000000000000000001100
0000000000000000001100
0000000000000000001100
0111111111111111001100
0111111111111111001100
0000000000000000011100
0000000000000000011100
0000000000000000011100
0000000000111111111100
0000000000111111110000
0000000000000000000000
</>
<服>
0000000000000000000000
0001111110111111111100
0001100110111111111100
0001100110110000001100
0001100110110000001100
0001100110110011111100
0001111110110011110000
0001100110110000000000
0001100110111111111100
0001100110111111111100
0001100110110110001100
0001111110110110001100
0001111110110110011100
0001100110110011011100
0011100110110011110000
0011100110110001100000
0011100110110011110000
0011100110111110011100
0110111100111100001110
0000000000000000000000
</>
<务>
0000000000000000000000
0000001110000000000000
0000001111111111110000
0000011111111111111000
0000111110000000110000
0001100110000011100000
0011000011100111000000
0010000001111100000000
0000000011111111000000
0000111111100111111110
0111111001100000111110
0010000001100000000000
0001111111111111111000
0001111111111111111000
0000000011100000011000
0000000011100000011000
0000000111000000111000
0000001100000000111000
0000111000011001111000
0011110000011111100000
0000000000000000000000
</>
<器>
0000000000000000000000
0001111111101111111100
0001100001101100001100
0001100001101100001100
0001100001101100001100
0001111111101111111100
0001100001111101001100
0000000000110001100000
0011111111111111111110
0011111111111111111110
0000000011001100000000
0001111110000111111000
0111111000000001111110
0001111111001111111100
0001100001001100001100
0001100001001100001100
0001100001001100001100
0001111111001111111100
0001100001001100001100
0000000000000000000000
</>
<建>
0000000000000000000000
0000000000000100000000
0000000000000100000000
0111111111111111111100
0000011000000100011100
0000110000000100011100
0000110111111111111110
0001100000000100011100
0011000000000100011100
0011111111111111111100
0000001100000100001100
0010001000000100000000
0010011011111111111100
0011011000000100000000
0011011011111111111100
0001111011111111111100
0000111000000100000000
0001111100000100000000
0011001111111111111110
0110000011111111111110
0000000000000000000000
</>
<立>
0000000000000000000000
0000000000100000000000
0000000001100000000000
0000000000110000000000
0000000000111000000000
0011111111111111111100
0011111111111111111110
0000000000000000000000
0000010000000000110000
0000011100000000110000
0000011100000001110000
0000011110000001110000
0000001110000001110000
0000001110000011100000
0000000110000011100000
0000000110000111100000
0000000111000111000000
0000000000000111000000
0000000000001100000000
0111111111111111111110
0011111111111111111110
0000000000000000000000
</>
<连>
0000000000000000000000
0001000000011000000000
0001100000011000000000
0001110111111111111110
0000110111111111111110
0000000000111000000000
0000000001110011000000
0000000001110011000000
0111111011100011000000
0011111011111111111110
0000111011111111111100
0000111000000011000000
0000111000000011000000
0000111111111111111110
0000111111111111111110
0000111000000011000000
0000111000000011000000
0011111000000011000000
0111011111110001111110
0010001111111111111110
0000000000000000000000
</>
<接>
0000000000000000000000
0000110000000110000000
0000110000000010000000
0000110011111111111110
0000110011111111111110
0111111100110000011000
0000110000011000110000
0000110000010000100000
0000110111111111111110
0000110011111111111110
0000111100001100000000
0111111000001100000000
0111110111111111111110
0000110000111000010000
0000110000111000110000
0000110001111001100000
0000110000011111000000
0000110000001111110000
0000110001111100111100
0111100111110000001110
0000000000000000000000
</>